Var1
0.04742203
0.04610809
0.0653497
0.01863983
0.01638904
0.03351518
0.03191421
0.08345285
0.07311184
0.08888146
0.06478473
0.07608273
0.05475901
0.06866661
0.05147971
0.01141041
0.06794232
0.04116713
0.02128191
0.05682565
0.06023068
0.07632831
0.02985432
0.08542982
0.08599506
0.02943908
0.06009842
0.0609839
0.05493406
0.06379768
0.07440367
0.02311243
0.06603397
0.07485422
0.04181261
0.08185931
0.0750706
0.10641
0.06201977
0.05420948
0.07225721
0.09151794
0.03024257
0.02739758
0.07583335
0.07762094
0.06708822
0.03608938
0.04418117
0.05934289
0.07131035
0.06910625
0.07324672
0.09585854
0.04910133
0.06698354
0.0708808
0.02688743
0.05576949
0.09334671
0.06295712
0.03250256
0.04419169
0.06835766
0.05253986
0.0816548
0.08606824
0.06117142
0.02737981
0.05008478
0.06444217
0.07641064
0.01880671
0.06477666
0.04301849
0.01022593
0.06920491
0.09779894
0.05518968
0.06478931
0.07932813
0.07107134
0.06409778
0.06440127
0.04339466
0.07087062
0.02610917
0.08508003
0.07044075
0.02989154
0.0169568
0.07009132
0.08391101
0.0205387
0.08011714
0.05258903
0.02530918
0.02480418
0.06304587
0.07527658
0.05141769
0.1103065
0.08039387
0.03578885
0.07956015
0.05532732
0.02841027
0.1166494
0.07682543
0.02730323
0.08935147
0.1096045
0.03112019
0.08493419
0.09452155
0.1095897
0.06340077
0.04778268
0.01290672
0.02462085
0.06363487
0.02881261
0.07097391
0.06593363
0.03105116
0.08577497
0.02174025
0.02511024
0.08113853
0.04375308
0.100033
0.06343476
0.06249493
0.07045916
0.05952009
0.06812803
0.0556348
0.06225071
0.05394749
0.0681227
0.07067686
0.02992162
0.05361829
0.0542723
0.07245359
0.04648588
0.07492609
0.05230301
0.02677048
0.02869327
0.06933565
0.07903916
0.09060055
0.1131195
0.04606463
0.07550372
0.02932823
0.04721654
0.0598676
0.05146104
0.5523318
0.06107724
0.0909519
0.1244994
0.06095178
0.05461953
0.06837019
0.06520516
0.05561728
0.05896522
0.03516457
0.056718
0.08824036
0.07469885
0.05191574
0.02355909
0.07474583
0.07656823
0.04238419
0.09708006
0.02869406
0.09883475
0.07801592
0.06106302
0.006794582
0.1004971
0.02383754
0.1086692
0.08979166
0.07613906
0.07120902
0.07217398
0.08613757
0.08095363
0.02702099
0.09478498
0.02808965
0.08596642
0.09289367
0.1567619
0.08297951
0.07397714
0.02563085
0.09578074
0.02348211
0.02787458
0.03418796
0.01422153
0.06684735
0.05560373
0.07241718
0.0744158
0.0604797
0.08690596
0.08445513
0.0794863
0.07099912
0.06811911
0.08962431
0.01878215
0.07833162
0.1077712
0.05763982
0.0390144
0.04836252
0.02007406
0.0544404
0.09021939
0.03010534
0.1259975
0.07880419
0.01887266
0.06492215
0.06398287
0.0316129
0.126917
0.09657287
0.03795593
0.04584882
0.07973024
0.07686766
0.06625714
0.02279005
0.0742558
0.07352301
0.06348509
0.06010384
0.06118369
0.05786936
0.09581378
0.01774452
0.09262083
0.07964365
0.02392657
0.02796754
0.07974325
0.09558346
0.06916729
0.01771877
0.07411566
0.03767782
0.1034206
0.08998749
0.09445135
0.08846601
0.1093635
0.09978124
0.6357573
0.08002434
0.04020304
0.105608
0.02028369
0.1063709
0.07336515
0.06708235
0.07825679
0.04838817
0.09648468
0.05664099
0.3674698
0.08489757
0.1535963
0.06165308
0.06675679
0.1102471
0.01463029
0.07662119
0.09157228
0.09913257
0.1244198
0.1211184
0.09745626
0.08731434
0.04597515
0.1135707
0.02091598
0.05552064
0.09336098
0.06397864
0.1043752
0.08842388
0.09466517
0.09088548
0.585678
0.1013099
0.03601066
0.1139053
0.04039907
0.1084947
0.06406476
0.123102
0.2000552
0.07641785
0.08030367
0.1265094
0.08577492
0.09005716
0.5441516
0.0736188
0.02071536
0.07375208
0.0631285
0.0910511
0.0772804
0.08137399
0.06398179
0.08391397
0.1022051
0.06832279
0.08257806
0.07345953
0.1145433
0.07412844
0.03389707
0.04425924
0.04406038
0.08322132
0.2380265
0.1151139
0.08515975
0.09042493
0.03858666
0.07995337
0.3101732
0.05500108
0.03956391
0.04047246
0.04729387
0.07682662
0.08122389
0.08722434
0.09358212
0.1022112
0.3173927
0.04050885
0.08099108
0.1117642
0.07068233
0.03551304
0.07513286
0.08188131
0.1130144
0.113525
0.05760811
0.07571124
0.09400395
0.07451994
0.09959067
0.01453093
0.0773436
0.03142554
0.05681854
0.09123231
0.3946262
0.02093194
0.0266154
0.1289878
0.07618337
0.03059366
0.113299
0.1450135
0.09639054
0.1108359
0.1256494
0.1242813
0.06765244
0.04625026
0.0162362
0.02040936
0.1634693
0.07589352
0.1598478
0.1045562
0.05844782
0.11992
0.08618083
0.0567461
0.1108087
0.1127587
0.06075539
0.3372831
0.1062054
0.1403777
0.3561623
0.3473201
0.06316796
0.07122688
0.1344613
0.1085099
0.08241376
0.01468838
0.107356
0.1150315
0.07226083
0.06422248
0.2003824
0.08886603
0.08107083
0.0168099
0.07749433
0.1253102
0.1064822
0.2033535
0.02379455
0.1487321
0.0726802
0.1016559
0.07964683
0.02774552
0.09414375
0.1228059
0.07354875
0.09340824
0.09606686
0.07201504
0.07769729
0.05086435
0.03200748
0.1698497
0.1174816
0.08177982
0.07150824
0.07709257
0.02790178
0.1116576
0.1941525
0.04030138
0.05782112
0.03730656
0.06490105
0.4118289
0.08577056
0.09958217
0.08433047
0.1094697
0.07241655
0.1023508
0.06833091
0.2368737
0.07557722
0.02836899
0.1006873
0.09231465
0.1288716
0.07598152
0.06959775
0.1823448
0.05002341
0.06069114
0.1088871
0.09325148
0.07855856
0.06174617
0.1139282
0.07603832
0.1035401
0.0408529
0.06477513
0.06526282
0.06419315
0.1209637
0.07727978
0.1213805
0.1188135
0.07673066
0.05024617
0.1372401
0.07545033
0.07964636
0.1382589
0.06675717
0.07801166
0.1479951
0.0468493
0.112266
0.1409285
0.04871733
0.02029501
0.1020326
0.06157095
0.1015801
0.1027131
0.0946343
0.04400157
0.121327
0.1057683
0.06435828
0.05728291
0.05842064
0.0309366
0.102096
0.1253158
0.08252239
0.1049304
0.1267357
0.3186332
0.07214485
0.07552908
0.1376356
0.08285104
0.1247365
0.006230767
0.06113246
0.1258947
0.08707041
0.1086842
0.2436292
0.1003796
0.1854809
0.05642959
0.09671056
0.05814654
0.01342556
0.645173
0.01449321
0.1050606
0.0956102
0.2547427
0.1341797
0.1231682
0.0237017
0.06618118
0.08475582
0.08605321
0.09627105
0.09986132
0.0835791
0.04013069
0.1001629
0.06886113
0.1133022
0.07424178
0.05511465
0.02708323
0.1394043
0.07042985
0.04124419
0.06862115
0.02852904
0.08634161
0.06066594
0.0703745
0.01771713
0.1334478
0.08407404
0.1081666
0.01318464
0.01103227
0.1069162
0.06906222
0.07843584
0.04411979
0.1164662
0.1048721
0.02480291
0.03718049
0.03929959
0.09074267
0.1166605
0.04206511
0.07650263
0.1353733
0.09205116
0.05727136
0.06535681
0.1007403
0.07506099
0.06052066
0.1054717
0.16384
0.08891927
0.0847524
0.06186812
0.06654012
0.3145145
0.08031267
0.07208214
0.09258869
0.08495494
0.11587
0.112711
0.04460103
0.1019954
0.1167527
0.1128756
0.04257283
0.04059126
0.08369358
0.1118533
0.2554685
0.2233693
0.08192951
0.09804767
0.08174063
0.08505739
0.07419077
0.04423491
0.02457105
0.08102539
0.09388031
0.1161579
0.1447889
0.05478733
0.09701086
0.1194371
0.1212385
0.1409233
0.1231935
0.1058247
0.09289888
0.10403
0.1048345
0.08263677
0.04234434
0.09203894
0.04347137
0.06761979
0.1248815
0.1285301
0.06406345
0.0845
0.08830173
0.05188836
0.0762335
0.1345963
0.1491226
0.09699387
0.01728739
0.09273568
0.1088939
0.1140677
0.1103921
0.1269666
0.3079626
0.1287202
0.03082261
0.07835541
0.08226608
0.03531387
0.1037124
0.0392857
0.06775302
0.1088615
0.05707984
0.0859275
0.04780214
0.06876933
0.02460777
0.07851179
0.1097028
0.1003966
0.1845392
0.09860687
0.02327216
0.08208729
0.09712706
0.02545823
0.08682861
0.1165556
0.0847057
0.2892109
0.08794063
0.04765821
0.02223112
0.4692111
0.1244206
0.1478766
0.09921109
0.02987958
0.03613343
0.1186595
0.140861
0.07175769
0.1088241
0.09146026
0.08038506
0.03664841
0.01893617
0.01902172
0.1014217
0.02252631
0.05922078
0.1409003
0.1351932
0.08033412
0.07757963
0.07160465
0.1201938
0.108851
0.09954935
0.09704699
0.03328855
0.1067973
0.144663
0.02511689
0.06363752
0.1135078
0.01364787
0.07305736
0.01956939
0.03467054
0.0548264
0.046627
0.1101177
0.04694365
0.06515495
0.4124967
0.09741819
0.1083085
0.02931577
0.04726143
0.4076758
0.05944827
0.09826825
0.1295796
0.1188969
0.1003187
0.07483359
0.135255
0.08450812
0.0392343
0.0572416
0.07710296
0.08311947
0.110692
0.102393
0.02663754
0.05461299
0.07623492
0.02240908
0.08557738
0.05008252
0.0702178
0.1167717
0.07470758
0.1405742
0.08726845
0.05548765
0.09915319
0.08060496
0.07263275
0.1265072
0.08675656
0.09199771
0.03966666
0.1555997
0.1332082
0.04962567
0.007759193
0.03988421
0.03412341
0.01293145
0.1291931
0.1183556
0.1069728
0.0658751
0.1390084
0.06803913
0.03781892
0.09435815
0.04588452
0.09611425
0.1046586
0.1066063
0.04222314
0.1064689
0.1404906
0.0631058
0.120742
0.1165159
0.132646
0.1108018
0.03010417
0.1227437
0.1044186
0.1701861
0.04252149
0.06803417
0.0912618
0.02320332
0.1084821
0.06870187
0.3483817
0.2077875
0.2610944
0.1052394
0.07786502
0.09368081
0.06480555
0.06835885
0.1212018
0.08779532
0.08592591
0.09161607
0.1326705
0.07705881
0.05106411
0.08050521
0.09789304
0.09739329
0.07337822
0.1209493
0.1217249
0.02003817
0.1493116
0.1391237
0.06794908
0.02301395
0.04227365
0.04174171
0.1245479
0.07921223
0.1393289
0.04495574
0.04554177
0.1512922
0.08944727
0.04917372
0.02683857
0.09352018
0.02990969
0.06570971
0.03494012
0.07137807
0.1199752
0.09286517
0.06695598
0.08759088
0.02585557
0.2258262
0.06823613
0.03488899
0.1104869
0.08494055
0.04455964
0.1144796
0.1061408
0.09548409
0.0167259
0.08668719
0.07468407
0.1303268
0.02972406
0.07965901
0.1410115
0.04966154
0.08541481
0.127643
0.06382617
0.1115345
0.04858964
0.03322138
0.1068912
0.06169537
0.1271886
0.08357793
0.1051187
0.01014509
0.08635045
0.1139007
0.1577393
0.06035042
0.1650569
0.07616718
0.119199
0.1522444
0.02874135
0.01216109
0.1166897
0.09478784
0.07319604
0.02143195
0.02865989
0.03477094
0.08471973
0.08204087
0.1661232
0.3911695
0.01708006
0.129903
0.1297184
0.06546202
0.1024676
0.06773902
0.03624364
0.05061727
0.03964478
0.02581024
0.1582857
0.08472671
0.09703348
0.03272703
0.1134231
0.07200312
0.08353798
0.08080057
0.3852624
0.0643464
0.07376204
0.06571734
0.1043342
0.09446678
0.08508031
0.1464297
0.07196576
0.1009045
0.09536347
0.08066719
0.1438792
0.05360533
0.2751665
0.5336893
0.06352431
0.3376971
0.08968367
0.09321977
0.1184071
0.1128963
0.04155944
0.1151511
0.1193847
0.1577763
0.02813212
0.03958084
0.1269496
0.002917856
0.02240421
0.02485595
0.04551918
0.06046353
0.1170017
0.09043331
0.4216937
0.08764936
0.1305939
0.1010338
0.1025802
0.05884488
0.1080059
0.03828399
0.1016652
0.1745625
0.0799128
0.08549651
0.1199176
0.0726148
0.1196904
0.01441458
0.1113902
0.02016312
0.06356096
0.1486716
0.06278837
0.01446377
0.1288329
0.09330316
0.1244686
0.06673203
0.1074258
0.1547488
0.04720041
0.09820259
0.01535951
0.09376173
0.06634883
0.07203022
0.1091755
0.1536833
0.1157601
0.04763195
0.1068165
0.1384883
0.1075212
0.1732668
0.1649622
0.06217499
0.04220762
0.0653811
0.01554957
0.08299586
0.121177
0.1990674
0.1791595
0.1162471
0.1370319
0.1165315
0.1113515
0.1257697
0.06607772
0.3612559
0.1127852
0.05753941
0.1109793
0.1306848
0.2306395
0.1222295
0.08946847
0.05664669
0.0535521
0.0913821
0.04078921
0.117019
0.08497623
0.04443818
0.07811549
0.04490701
0.08590546
0.0992299
0.0133635
0.08032725
0.1046252
0.02752308
0.04701509
0.110273
0.1294292
0.02346889
0.02151498
0.08431153
0.05054142
0.1531676
0.09421591
0.09332544
0.07261039
0.08341558
0.02558853
0.07787472
0.01440997
0.1868623
0.102235
0.1105572
0.1444658
0.04308441
0.02190636
0.03006683
0.06459014
0.145568
0.04824818
0.07370704
0.07624616
0.1177873
0.0655605
0.08712581
0.04040557
0.1280162
0.03164891
0.1080086
0.06635588
0.03569022
0.04274788
0.1092239
0.1320526
0.08352193
0.1625717
0.146677
0.08229998
0.07935143
0.1611861
0.08920114
0.03609765
0.0431869
0.06460097
0.0970743
0.04783517
0.05174771
0.00824431
0.08066897
0.02499771
0.01985529
0.05830498
0.1465865
0.1069637
0.09275288
0.1261327
0.1250467
0.09269312
0.1339997
0.03668854
0.08013609
0.04770983
0.1172571
0.1071756
0.02972568
0.07731663
0.06946407
0.1086444
0.08437286
0.04860216
0.03276195
0.1490374
0.1315446
0.1292896
0.0558997
0.09344438
0.08615808
0.04548116
0.02969328
0.0928526
0.02600694
0.03257146
0.04649276
0.0439267
0.06560481
0.136336
0.08293394
0.1429311
0.1879798
0.05859671
0.06890175
0.03371362
0.02823199
0.09338453
0.03524144
0.0382076
0.1305973
0.1412147
0.1066917
0.08344296
0.09388323
0.09259322
0.1172671
0.06637939
0.04765226
0.06919838
0.05931069
0.09485126
0.1001242
0.07780295
0.4704148
0.009598061
0.1111502
0.1419004
0.08370485
0.1622646
0.06633785
0.09847599
0.05494608
0.109161
0.09668952
0.08050689
0.05921866
0.2201451
0.1201252
0.1236375
0.0136465
0.0403424
0.09570099
0.1272583
0.0397127
0.02826554
0.1513575
0.1061618
0.1058278
0.1430132
0.07126888
0.06911851
0.08001553
0.05700634
0.1165467
0.1015329
0.08989289
0.1172568
0.06826479
0.1029151
0.1056401
0.04217897
0.09708674
0.03057669
0.1188716
0.07717587
0.0435806
0.1333151
0.06314356
0.08444636
0.0965841
0.0976876
0.09192955
0.1430703
0.02674535
0.03118543
0.1220261
0.1040106
0.07330963
0.05834571
0.08971513
0.09153473
0.06236349
0.0871589
0.02413994
0.04795987
0.02680612
0.04255608
0.1031904
0.1298276
0.1011779
0.1538715
0.05415392
0.1508574
0.08345728
0.1582399
0.1696724
0.09692612
0.05489868
0.02831637
0.03848788
0.07938842
0.453949
0.1771076
0.07932402
0.1676457
0.07969466
0.09448028
0.1080746
0.1127171
0.1371972
0.1204863
0.09490677
0.03021902
0.01068531
0.0912974
0.03170329
0.09926904
0.03939115
0.1310882
0.1093622
0.05139382
0.08240405
0.03063399
0.0298522
0.1372848
0.08828725
0.109049
0.03986408
0.04329547
0.09932389
0.1056952
0.05582858
0.03614249
0.1430507
0.02551148
0.127048
0.1225855
0.04062944
0.08117768
0.06833676
0.13801
0.05413195
0.1053311
0.1040459
0.05926704
0.03271292
0.2869642
0.09653317
0.09167496
0.1136558
0.05555804
0.07949303
0.1388073
0.04484759
0.02969322
0.08848072
0.1136034
0.09980028
0.09704369
0.06009228
0.03427873
0.05023419
0.07210239
0.09986806
0.04508089
0.09313008
0.1376631
0.08289034
0.09597501
0.03562611
0.1312076
0.04802572
0.09835816
0.01597795
0.08696675
0.07364094
0.1050483
0.1046673
0.1053217
0.1664996
0.1125987
0.02842561
0.2003657
0.128786
0.1042634
0.1640052
0.02116337
0.03095852
0.08982728
0.07375161
0.06358151
0.02011398
0.1122261
0.08697269
0.09787232
0.0573767
0.1020743
0.09158168
0.08998052
0.1507878
0.1216141
0.07876375
0.1272924
0.1486704
0.4314413
0.07923625
0.1151831
0.09828392
0.1612894
0.1278278
0.1875711
0.0405823
0.08300937
0.06404552
0.1166547
0.1764801
0.1042065
0.04914031
0.08578846
0.03704976
0.1230413
0.07465997
0.133888
0.1654259
0.134367
0.1076571
0.1282452
0.1155102
0.07335967
0.09942177
0.06663607
0.1249611
0.05595496
0.1029436
0.08444065
0.09188816
0.1159129
0.06871928
0.08431134
0.02490526
0.04279544
0.1430991
0.03251309
0.08955108
0.06923213
0.09035477
0.08740664
0.03662043
0.1277598
0.1194667
0.04635865
0.08897226
0.0671443
0.08389879
0.07474434
0.08805817
0.06908315
0.02864543
0.03130921
0.05456219
0.04191239
0.07050122
0.05359049
0.07306058
0.05788543
0.1085157
0.0659188
0.1030685
0.07014074
0.09979574
0.1297284
0.08310372
0.1145126
0.07338775
0.06389462
0.06359421
0.08570985
0.09986286
0.09024823
0.1185976
0.15565
0.0456002
0.09781268
0.1155608
0.1395161
0.09077919
0.03346161
0.2796533
0.1189751
0.127443
0.08254419
0.04916254
0.08608011
0.1206408
0.08641312
0.01397599
0.09930389
0.1126833
0.02619426
0.09390065
0.03144836
0.05183834
0.08697709
0.08539701
0.0627663
0.05403398
0.03021534
0.1317756
0.1251849
0.07288956
0.02756463
0.1072516
0.1291549
0.1460092
0.1117417
0.06017267
0.01160331
0.1004524
0.09179847
0.1786946
0.1013585
0.1410951
0.1166757
0.0293979
0.05734725
0.06550134
0.08836824
0.03427325
0.07944757
0.06426205
0.1211175
0.06864059
0.05709149
0.1051426
0.05137262
0.05800458
0.05439932
0.05328824
0.172273
0.05918259
0.0532652
0.08589006
0.106995
0.1361002
0.10292
0.04860873
0.0785708
0.136873
0.07766904
0.04381483
0.108861
0.05212409
0.0659718
0.131783
0.05235065
0.06927143
0.04779485
0.1442941
0.1123402
0.09765924
0.03252594
0.08757149
0.07335055
0.08956999
0.09464867
0.1623485
0.10786
0.1006947
0.0397169
0.10821
0.03745029
0.09595088
0.06764092
0.0534451
0.03693842
0.1369077
0.1417994
0.1204042
0.1202805
0.3080629
0.05018952
0.06335053
0.05975648
0.03048264
0.08542702
0.1191439
0.1709052
0.0370977
0.1194773
0.07710319
0.1758206
0.101631
0.1823194
0.09424615
0.01870144
0.09451682
0.04174211
0.06103943
0.02120931
0.02753821
0.07647195
0.1140993
0.05784236
0.1022194
0.0761207
0.07941253
0.1239164
0.1373529
0.09437712
0.1265855
0.04767107
0.04044194
0.03565935
0.1346151
0.1440574
0.1061787
0.09977995
0.1165593
0.0745366
0.1103574
0.1440415
0.1032924
0.1742196
0.05397839
0.08903088
0.01902941
0.08341471
0.03584354
0.01862842
0.1358795
0.4332061
0.1189004
0.01957346
0.05247964
0.1254177
0.02854965
0.1198593
0.02551593
0.07847177
0.01812152
0.1180216
0.03748775
0.08094008
0.0339752
0.08572273
0.1187721
0.0410932
0.07365879
0.04598232
0.1387564
0.1156489
0.02462899
0.139051
0.07620829
0.07990862
0.1327411
0.1403406
0.08504523
0.07433303
0.1114462
0.0175971
0.05221541
0.08566111
0.04612658
0.09279903
0.102352
0.1649685
0.03386056
0.1750127
0.2178233
0.2673644
0.07840145
0.1156028
0.05513226
0.08854645
0.09190381
0.07518718
0.1046701
0.1331964
0.09470145
0.1221983
0.05919708
0.1036522
0.129213
0.09788056
0.109285
0.1676049
0.06738526
0.06360289
0.04957965
0.1422929
0.07597636
0.06500973
0.09000319
0.1071849
0.3919398
0.08019891
0.1250267
0.1306391
0.0517
0.07717231
0.1021999
0.09516571
0.1356264
0.03770877
0.1025791
0.04700811
0.09736389
0.07283114
0.09525243
0.03206151
0.06056248
0.03982607
0.03919465
0.05354732
0.07757666
0.02018724
0.06857288
0.06053449
0.1138938
0.03718401
0.0393087
0.118028
0.09447177
0.08368928
0.1015968
0.03890883
0.1059368
0.07706384
0.02841693
0.1124369
0.05612474
0.01132213
0.0495883
0.06456056
0.07009668
0.1223559
0.06452256
0.1159996
0.1325917
0.1406315
0.05780111
0.02053303
0.1092028
0.1197615
0.04629616
0.07863813
0.1046921
0.08779601
0.1025738
0.08123323
0.08491129
0.2347052
0.1517618
0.1047461
0.07621331
0.02654045
0.07268081
0.0826904
0.08720873
0.122922
0.1720616
0.09842651
0.1017416
0.04740324
0.03791294
0.1953447
0.09186252
0.04323476
0.07150216
0.02773882
0.07665295
0.06064908
0.09253498
0.1001108
0.04956571
0.06925959
0.1599323
0.1323706
0.03949453
0.04310838
0.08821422
0.1277645
0.04396424
0.1174815
0.07626053
0.1281854
0.1375206
0.09620794
0.1634619
0.1081531
0.06274422
0.02311737
0.150793
0.1000145
0.1268385
0.03597299
0.1562148
0.02789378
0.1753993
0.1645948
0.0740328
0.06997328
0.06697089
0.05796138
0.1862407
0.1409191
0.04647337
0.1252262
0.08660717
0.1293802
0.09888992
0.1114012
0.1078077
0.1084966
0.1085011
0.0719051
0.09147212
0.1285272
0.02739592
0.1285848
0.1082996
0.09242949
0.01434049
0.0219335
0.07397529
0.1550474
0.07936324
0.09167574
0.06275178
0.03559683
0.09462284
0.02122186
0.06870805
0.03689908
0.078977
0.1259932
0.1184436
0.1499859
0.11994
0.1339144
0.1547644
0.09679763
0.03183687
0.09838862
0.1111118
0.02861243
0.1016871
0.1628879
0.04372429
0.05434136
0.1461653
0.1757492
0.0913915
0.1312406
0.03142921
0.04285683
0.1369638
0.06824926
0.1346544
0.06747583
0.1174524
0.0461649
0.1195606
0.1204958
0.01810595
0.03751011
0.2899562
0.1862453
0.1091819
0.1112082
0.09682675
0.1379081
0.1603494
0.1132854
0.1529838
0.01956583
0.06225815
0.09706775
0.1158462
0.09798514
0.03997655
0.07326552
0.07171876
0.07987861
0.1087497
0.04313038
0.1599136
0.0640607
0.07421472
0.1370734
0.09320627
0.2375728
0.1716833
0.1463605
0.139493
0.1988029
0.04918923
0.08012792
0.04356968
0.1143667
0.07894869
0.07167936
0.1279475
0.0899099
0.03615477
0.07009333
0.04470373
0.106152
0.1229997
0.119615
0.04355077
0.1287189
0.199184
0.08376794
0.1281116
0.1046773
0.08266534
0.08147868
0.0849471
0.09673636
0.09417225
0.08937258
0.03346832
0.02589155
0.0683065
0.06627341
0.1371427
0.02323372
0.07687198
0.01705812
0.1395879
0.04129288
0.1081691
0.05902123
0.1126702
0.09291364
0.06114641
0.1094162
0.1949802
0.1057281
0.03322454
0.06682608
0.0741488
0.06069265
0.04725685
0.02290451
0.09117012
0.1264565
0.1156256
0.03619012
0.1213283
0.02129358
0.0357557
0.05136591
0.09390746
0.02729934
0.1083377
0.1253926
0.1080408
0.0632126
0.09927134
0.1493776
0.04580111
0.09009753
0.06196823
0.03300361
0.06739461
0.05728959
0.04908758
0.1955152
0.1582192
0.09958155
0.03326806
0.04364273
0.04899793
0.05627656
0.1531458
0.1749355
0.1916346
0.1145808
0.1281395
0.2122796
0.2050774
0.02889269
0.03163379
0.1790495
0.04965192
0.1258896
0.009567741
0.1155836
0.0553235
0.02021458
0.02131556
0.09775303
0.1156231
0.08590483
0.08075365
0.2192833
0.1253355
0.1161622
0.05488721
0.05728821
0.05755837
0.0718897
0.05820822
0.1448194
0.0318469
0.09137282
0.07613333
0.0758492
0.06720137
0.06440778
0.05531776
0.1253107
0.02852657
0.04757601
0.1397813
0.05398908
0.07332423
0.1463404
0.1133036
0.1308853
0.1007384
0.05535166
0.05734386
0.1181413
0.05913005
0.06554504
0.12271
0.05037809
0.1356205
0.1105747
0.03085676
0.0409299
0.09847524
0.1216054
0.09703074
0.1073401
0.1128186
0.1144769
0.02442598
0.09389146
0.0686658
0.1311032
0.02539569
0.113938
0.09510662
0.1842096
0.166929
0.1625191
0.0871013
0.08287955
0.09037869
0.07472883
0.03001214
0.1072497
0.03890144
0.03539552
0.07922176
0.0411711
0.02717886
0.1055153
0.07654927
0.07617469
0.1214207
0.08223064
0.1292003
0.1121265
0.1088009
0.08653816
0.08994462
0.1267842
0.04170028
0.09902277
0.1029809
0.1099483
0.05692082
0.03470626
0.09126405
0.1248138
0.1389371
0.08296996
0.06075268
0.1093071
0.05088636
0.09795525
0.1123597
0.1137937
0.0753139
0.02965961
0.08663965
0.1206012
0.1146155
0.06097731
0.1075921
0.08823553
0.06006629
0.08417067
0.0851933
0.05119884
0.05820039
0.04375166
0.1104043
0.03035878
0.1805206
0.1456245
0.1674418
0.08675783
0.07675306
0.08370596
0.1128824
0.126252
0.09480442
0.08241291
0.09487719
0.07052172
0.01733724
0.1154942
0.1124222
0.1031809
0.1073192
0.1285773
0.1138004
0.07711682
0.1172243
0.02043537
0.1020552
0.04081926
0.05828129
0.07063918
0.0737853
0.04644443
0.03375544
0.1149842
0.1390226
0.1017025
0.05010648
0.07613697
0.05159451
0.0721465
0.1005057
0.1619653
0.05857885
0.1117679
0.1745312
0.1600536
0.1208218
0.07521311
0.04541413
0.05399202
0.05246462
0.1302645
0.1059908
0.02283568
0.1283581
0.05038089
0.04932126
0.05583728
0.04870614
0.06833289
0.04302923
0.02052584
0.1017846
0.08424608
0.1195594
0.1743894
0.09789449
0.1220716
0.09645862
0.1124867
0.1253868
0.08511178
0.1068583
0.08134501
0.04523017
0.1339648
0.07295175
0.1604508
0.1656301
0.1919473
0.2203922
0.08910424
0.07730567
0.2106233
0.08747241
0.1076064
0.07272204
0.1075364
0.0470429
0.1051082
0.1366303
0.04800609
0.1731244
0.06817453
0.08312278
0.06524016
0.02751006
0.1283424
0.07626279
0.1326967
0.127907
0.07468578
0.1563961
0.1099169
0.114613
0.05976012
0.07302928
0.1426349
0.1224709
0.1241865
0.1326567
0.04071691
0.1754325
0.2041933
0.1669742
0.1128078
0.1029126
0.1052725
0.1571307
0.09233439
0.1387549
0.1654166
0.1278425
0.04125689
0.0646378
0.07002108
0.1727755
0.08969542
0.1259276
0.06149062
0.03285265
0.04300927
0.1001037
0.08608525
0.08410072
0.09691807
0.02428736
0.02220465
0.1187758
0.05308736
0.1029724
0.05252856
0.1770798
0.1629905
0.08109726
0.07812364
0.03581917
0.2071241
0.09262872
0.1564876
0.1178535
0.09976874
0.1254057
0.1834471
0.05198476
0.103799
0.04671661
0.03481395
0.03700966
0.07318857
0.0472584
0.09583864
0.1530515
0.1258618
0.08352608
0.09726204
0.1641103
0.08687048
0.02981243
0.1043448
0.1113202
0.1593929
0.1370233
0.109395
0.09560618
0.1025866
0.09283245
0.04059443
0.1131972
0.1159619
0.04100424
0.0525753
0.1160191
0.1034795
0.08343925
0.1235787
0.1191422
0.1919572
0.1453624
0.0823096
0.1488592
0.04911499
0.09175903
0.1435557
0.04789272
0.03885504
0.1447141
0.1527268
0.1183986
0.1323798
0.07010264
0.03704702
0.1189202
0.1171726
0.1052585
0.1121556
0.1301199
0.0412803
0.07034341
0.1266434
0.1776511
0.1616753
0.1164977
0.08846653
0.08707856
0.1248974
0.1015891
0.1343575
0.07511392
0.1873519
0.09278574
0.0680615
0.0342408
0.04295697
0.1106299
0.06422378
0.09700772
0.02231929
0.07642262
0.08991149
0.1884634
0.0447372
0.1279389
0.1080771
0.08316983
0.1980855
0.06575827
0.1156657
0.1646993
0.07796697
0.08090854
0.06260458
0.1356617
0.1410923
0.03506945
0.06298353
0.07345071
0.1094736
0.2040664
0.1591141
0.06338163
0.07820319
0.04903608
0.07439258
0.09598359
0.1055547
0.05690157
0.09822933
0.07960707
0.09424137
0.1256797
0.1194161
0.05340156
0.05182661
0.2219407
0.1428085
0.1353405
0.1206885
0.06173485
0.07548036
0.16667
0.08882393
0.1005708
0.1335093
0.1493954
0.1080555
0.1394513
0.2137147
0.205931
0.1648391
0.1459923
0.06064793
0.1415293
0.05212674
0.01575426
0.06665266
0.07218821
0.05263836
0.1176389
0.04485061
0.1142844
0.02924997
0.1024337
0.1035498
0.07909557
0.08023497
0.08681144
0.1194541
0.05791867
0.1043942
0.1003072
0.08029266
0.1076204
0.1257253
0.06304391
0.02870642
0.09964859
0.1318078
0.1554438
0.07623972
0.1282998
0.1083072
0.106005
0.1057996
0.08001561
0.136732
0.07225388
0.1158516
0.1226691
0.05724036
0.06049469
0.1007736
0.1443467
0.1269285
0.1098069
0.05667799
0.07100753
0.03295893
0.1590386
0.1394793
0.1161816
0.07941287
0.1284388
0.1614592
0.1004474
0.1330233
0.04460566
0.1564979
0.07422936
0.1431118
0.1235419
0.1245901
0.1169877
0.07812799
0.09064436
0.09275082
0.01585638
0.03214945
0.06323811
0.1213579
0.1876494
0.123502
0.1164797
0.09137969
0.1255203
0.1436958
0.08674493
0.01337153
0.07095176
0.1196839
0.1371655
0.1342689
0.1405335
0.1078028
0.1156237
0.04462422
0.04261812
0.07360354
0.1390639
0.126262
0.1014896
0.1021749
0.1459052
0.05426846
0.04093717
0.1077415
0.1653109
0.07394198
0.09364397
0.1280585
0.08511749
0.126514
0.0955987
0.1134847
0.2122573
0.1673589
0.1432908
0.1689177
0.06091207
0.07680357
0.102588
0.0244478
0.07648493
0.1175042
0.05005219
0.07512271
0.05457972
0.09474506
0.1073716
0.1501303
0.1339136
0.1638332
0.04474594
0.07946059
0.1493032
0.06216766
0.1045718
0.04628934
0.1156238
0.03713856
0.1255971
0.129891
0.1267873
0.04972356
0.1122276
0.1575527
0.08660951
0.1276349
0.05599311
0.06207407
0.1047605
0.1593286
0.0517926
0.1322182
0.1489068
0.1545596
0.102326
0.1231233
0.1465992
0.07712245
0.08506186
0.2156051
0.02366444
0.02879758
0.06084291
0.06152071
0.06898835
0.09172091
0.1117934
0.1548026
0.04207507
0.1181406
0.0749341
0.150368
0.1297172
0.1105637
0.1033909
0.1158643
0.1810085
0.07798265
0.06626069
0.0293784
0.07598931
0.06655458
0.08236229
0.07353003
0.1493406
0.05658497
0.1034419
0.1168739
0.1006868
0.08101879
0.1476408
0.1206355
0.03413577
0.09900469
0.09941399
0.1219634
0.1672647
0.1196116
0.06052464
0.08881729
0.1038429
0.1166442
0.09772587
0.145243
0.1632942
0.05874428
0.011848
0.1003472
0.06775514
0.08962788
0.04986528
0.1589223
0.03991328
0.08891506
0.08328047
0.1388547
0.07561361
0.06661715
0.1416247
0.09979652
0.128412
0.1544619
0.09233212
0.07715275
0.07855453
0.108509
0.1514139
0.1694638
0.08396721
0.1501077
0.2182
0.09026151
0.08253821
0.130446
0.1569203
0.06867953
0.1533697
0.09945594
0.1130707
0.05595201
0.1029179
0.08887853
0.1592643
0.0738441
0.1262801
0.1465022
0.09833176
0.08394763
0.1493812
0.110672
0.1647857
0.05567276
0.09466007
0.05285054
0.1411688
0.158665
0.09508707
0.1529852
0.1076784
0.1122579
0.03525114
0.07600871
0.06856637
0.02921854
0.1360447
0.05816764
0.04236554
0.07873465
0.1112199
0.04962673
0.05113071
0.05831511
0.07369356
0.1165402
0.08454683
0.1657623
0.1322087
0.123101
0.07919118
0.09042069
0.1123586
0.12759
0.05362984
0.0869436
0.1132604
0.0967951
0.1725513
0.05753297
0.1648645
0.1742602
0.09847323
0.08535896
0.06104323
0.0872718
0.06096812
0.07898246
0.07197668
0.1263437
0.08010434
0.1066339
0.1591677
0.1258953
0.08450376
0.06744018
0.09780451
0.1528395
0.1938071
0.0756492
0.09377111
0.0637062
0.09677721
0.05137787
0.09844954
0.04284928
0.1275877
0.0371407
0.08460133
0.168477
0.1426439
0.07203858
0.08586255
0.1716402
0.06885736
0.0888762
0.08403181
0.06802525
0.07769288
0.03760585
0.1397614
0.1891666
0.09797961
0.08168226
0.1057035
0.1370117
0.1417311
0.1845477
0.1288795
0.04808425
0.178679
0.09886964
0.1573283
0.07801849
0.07908119
0.1018839
0.05605178
0.113766
0.04880104
0.05496824
0.03017113
0.03363875
0.101599
0.1116228
0.08879197
0.04677373
0.06160403
0.1191473
0.1210637
0.06060388
0.1471655
0.1009086
0.1731071
0.04985163
0.1305165
0.1496421
0.0864337
0.03073404
0.1502102
0.08987147
0.08847124
0.1461167
0.1224152
0.08328724
0.1192259
0.03747749
0.02330149
0.03739405
0.03942043
0.06269516
0.09096666
0.02741034
0.05295779
0.01600427
0.1288589
0.1711553
0.0662014
0.1170313
0.1417608
0.1548106
0.0625334
0.0684564
0.07013038
0.07565954
0.1552533
0.1460575
0.1363203
0.09956909
0.1325741
0.1333622
0.02569234
0.1347081
0.1273583
0.177338
0.08704969
0.07110122
0.0541664
0.05493126
0.04440443
0.03627916
0.1087315
0.05466828
0.08531272
0.07586982
0.09202878
0.09167441
0.07600989
0.09293252
0.09586402
0.0538039
0.03208024
0.1074527
0.05819696
0.09058026
0.07607796
0.1038598
0.1280446
0.08534116
0.04747891
0.1052653
0.08500649
0.09171637
0.09890558
0.03173208
0.04931594
0.04959767
0.04328672
0.08921259
0.1157732
0.03792789
0.1442057
0.07361584
0.1435366
0.07507178
0.158354
0.1030923
0.1336005
0.08948467
0.1305895
0.1249507
0.1009298
0.105678
0.06271112
0.09462032
0.09963566
0.05301032
0.06440836
0.08540361
0.08634293
0.04687138
0.05208031
0.05548811
0.1049162
0.06975295
0.1417251
0.1408451
0.07170368
0.05439544
0.08624277
0.06232299
0.1081207
0.08841846
0.1220036
0.1486541
0.1441549
0.1656668
0.03489945
0.127363
0.06449024
0.07278256
0.05190686
0.08748484
0.03293125
0.1034843
0.05245079
0.08615036
0.1102381
0.02542124
0.1132554
0.02893774
0.1225344
0.1088356
0.0865543
0.04288187
0.08758208
0.09109536
0.02586946
0.104088
0.1207687
0.06910283
0.09757888
0.1021212
0.1293654
0.1042084
0.08072016
0.06658062
0.09087469
